start=803.511042
volume=75.000000
