start=3.703700
mute=yes
ab-loop-a=1.401400
ab-loop-b=32.832800
