start=9.527300
ab-loop-a=9.493667
ab-loop-b=15.312811
