start=15.616000
speed=0.564474
pause=yes
ab-loop-a=14.381000
ab-loop-b=16.783000
