start=31.531500
speed=0.700000
mute=yes
ab-loop-a=1.134467
ab-loop-b=48.659493
