start=535.067867
speed=3.797498
mute=yes
