start=27.157333
pause=yes
ab-loop-a=0.000000
ab-loop-b=27.157333
