start=1.768433
mute=yes
ab-loop-a=1.134467
ab-loop-b=45.345300
