start=27.894522
speed=0.350494
ab-loop-a=12.178833
ab-loop-b=30.764056
