start=43.680000
pause=yes
ab-loop-a=0.000000
ab-loop-b=43.680000
