start=5.520000
pause=yes
ab-loop-a=1.920000
ab-loop-b=28.240000
