start=22.689333
mute=yes
ab-loop-a=1.167833
ab-loop-b=41.832000
