start=35.835789
speed=0.826446
mute=yes
