start=18.298667
pause=yes
ab-loop-a=2.152733
ab-loop-b=29.616208
