start=3.901889
speed=0.466507
