start=68.602000
speed=1.331000
mute=yes
