start=28.410189
pause=yes
ab-loop-a=3.283722
ab-loop-b=28.410189
