start=17.872289
speed=0.620921
