start=19.085733
mute=yes
ab-loop-a=1.134467
ab-loop-b=40.861562
