start=19.998833
pause=yes
ab-loop-a=3.651389
ab-loop-b=33.285400
