start=15.115100
mute=yes
ab-loop-a=1.101100
ab-loop-b=37.003633
