start=16.160244
ab-loop-a=2.840000
ab-loop-b=31.466667
