start=6.473133
speed=0.700000
mute=yes
ab-loop-a=0.900900
ab-loop-b=44.027226
