start=69.610333
pause=yes
ab-loop-a=6.773000
ab-loop-b=69.610333
