start=425.240000
speed=0.909091
sub-visibility=no
