start=9.976633
pause=yes
mute=yes
ab-loop-a=0.000000
ab-loop-b=32.532500
