start=5.739067
speed=0.700000
mute=yes
ab-loop-a=1.034367
ab-loop-b=58.234651
