start=34.960000
speed=0.466507
pause=yes
ab-loop-a=32.520000
ab-loop-b=no
