start=36.603233
pause=yes
ab-loop-a=1.368033
ab-loop-b=41.215420
