start=20.086733
speed=0.400000
pause=yes
mute=yes
ab-loop-a=1.267933
ab-loop-b=59.861043
