start=15.754111
speed=0.683013
