start=118.151367
pause=yes
ab-loop-a=1.067722
ab-loop-b=118.151367
