start=44.544500
speed=0.400000
mute=yes
ab-loop-a=1.067733
ab-loop-b=52.128798
