start=22.622600
pause=yes
mute=yes
ab-loop-a=1.334667
ab-loop-b=34.435193
