start=58.242109
speed=0.700000
pause=yes
mute=yes
ab-loop-a=1.001000
ab-loop-b=58.242109
