start=7.240567
speed=0.700000
mute=yes
ab-loop-a=1.134467
ab-loop-b=46.274294
