start=250.984067
volume=102.000000
