start=48.564000
pause=yes
ab-loop-a=1.267922
ab-loop-b=48.564000
