start=37.470767
mute=yes
ab-loop-a=1.134467
ab-loop-b=54.231598
