start=26.726700
speed=0.700000
mute=yes
ab-loop-a=1.001000
ab-loop-b=42.042000
