start=12.912900
speed=0.700000
mute=yes
ab-loop-a=1.101100
ab-loop-b=55.297981
