start=36.112200
pause=yes
ab-loop-a=1.566522
ab-loop-b=36.112200
