start=48.782067
mute=yes
ab-loop-a=1.334667
ab-loop-b=53.153100
