start=27.794433
ab-loop-a=1.267933
