start=13.194289
speed=0.751315
mute=yes
