start=19.152467
mute=yes
ab-loop-a=1.368033
