start=34.367656
speed=0.318631
mute=yes
