start=30.421333
pause=yes
ab-loop-a=3.044956
ab-loop-b=30.421333
