start=13.146467
mute=yes
ab-loop-a=1.334667
ab-loop-b=38.023043
