start=19.024656
pause=yes
ab-loop-a=0.000000
ab-loop-b=19.024656
