start=3.169833
mute=yes
ab-loop-a=0.533867
ab-loop-b=38.952000
