start=53.520133
pause=yes
mute=yes
ab-loop-a=1.134467
ab-loop-b=54.380604
