start=40.106733
mute=yes
ab-loop-a=1.434767
ab-loop-b=44.544500
