start=8.967292
ab-loop-a=7.257250
ab-loop-b=225.975750
