start=29.518111
pause=yes
ab-loop-a=3.550267
ab-loop-b=29.518111
