start=19.719700
mute=yes
ab-loop-a=1.334667
ab-loop-b=42.942900
