start=14.581233
mute=yes
ab-loop-a=11.478133
ab-loop-b=44.396553
