start=24.909511
pause=yes
ab-loop-a=2.507356
ab-loop-b=24.909511
