start=523.623000
speed=3.797498
mute=yes
