start=77.377311
speed=0.999999
mute=yes
