start=1022.516667
pause=yes
ab-loop-a=430.433333
ab-loop-b=4613.826604
