start=31.965267
mute=yes
ab-loop-a=1.434767
ab-loop-b=50.102447
