start=653.219233
speed=0.424098
