start=2.402400
ab-loop-a=0.600600
ab-loop-b=41.184000
