start=36.503133
mute=yes
ab-loop-a=0.801000
ab-loop-b=46.446000
