start=674.320000
pause=yes
mute=yes
ab-loop-a=637.720000
ab-loop-b=674.320000
