start=38.705333
pause=yes
ab-loop-a=0.000000
ab-loop-b=38.705333
