start=1.935267
mute=yes
ab-loop-a=1.334667
ab-loop-b=53.953900
