start=40.240200
mute=yes
ab-loop-a=8.608600
ab-loop-b=44.744700
