start=21.888533
speed=0.700000
mute=yes
ab-loop-a=1.134000
ab-loop-b=40.684000
