start=8.208200
speed=0.700000
mute=yes
ab-loop-a=1.201000
ab-loop-b=36.023000
