start=105.105000
speed=1.610510
pause=yes
