start=289.133333
speed=0.909091
