start=43.810433
mute=yes
ab-loop-a=6.973633
ab-loop-b=53.953900
