start=81.668000
pause=yes
ab-loop-a=6.440000
ab-loop-b=81.668000
