start=55.455400
mute=yes
ab-loop-a=1.167833
ab-loop-b=56.424490
