start=18.718700
mute=yes
ab-loop-a=1.368033
ab-loop-b=41.354739
