start=45.612233
mute=yes
ab-loop-a=0.900900
ab-loop-b=67.802268
