start=34.200833
mute=yes
ab-loop-a=1.401400
ab-loop-b=53.653600
