start=557.190000
speed=1.331000
mute=yes
