start=25.625600
mute=yes
ab-loop-a=1.134467
ab-loop-b=36.970267
