start=2.836167
mute=yes
ab-loop-a=0.000000
ab-loop-b=43.166000
