start=15.394389
speed=0.200000
pause=yes
ab-loop-a=2.814178
ab-loop-b=25.418167
