start=1.068000
mute=yes
ab-loop-a=1.068000
ab-loop-b=41.646000
