start=54.687956
volume=40.000000
mute=yes
