start=42.742700
mute=yes
ab-loop-a=1.167833
ab-loop-b=57.474165
