start=27.660967
mute=yes
ab-loop-a=2.369033
ab-loop-b=33.633600
