start=63.685000
pause=yes
ab-loop-a=0.021000
ab-loop-b=63.685000
