start=38.872167
speed=0.700000
pause=yes
mute=yes
ab-loop-a=1.234567
ab-loop-b=44.137304
