start=1609.683333
speed=1.600000
pause=yes
volume=130.000000
mute=yes
ab-loop-a=1542.400000
ab-loop-b=1922.900000
