start=4.070733
mute=yes
ab-loop-a=1.235000
ab-loop-b=37.186000
