start=6.382133
pause=yes
ab-loop-a=0.000000
ab-loop-b=27.203067
