start=16.516500
pause=yes
mute=yes
ab-loop-a=1.101000
ab-loop-b=41.758000
