start=28.294933
mute=yes
ab-loop-a=0.233567
ab-loop-b=45.836190
