start=43.285333
pause=yes
ab-loop-a=0.760000
ab-loop-b=43.285333
