start=2.769422
speed=1.000001
