start=347.680000
speed=0.466507
