start=30.887300
pause=yes
ab-loop-a=1.791544
ab-loop-b=30.887300
