start=26.393033
mute=yes
ab-loop-a=0.667333
ab-loop-b=69.302567
