start=25.691078
speed=0.400000
pause=yes
ab-loop-a=3.356000
ab-loop-b=25.691078
