start=7.138078
pause=yes
ab-loop-a=3.169011
ab-loop-b=27.151856
