start=43.209833
mute=yes
sid=no
ab-loop-a=1.634967
ab-loop-b=49.149100
