start=263.446517
speed=4.594973
mute=yes
