start=19.085733
speed=0.500000
pause=yes
mute=yes
ab-loop-a=1.134467
ab-loop-b=40.681361
