start=51.912000
pause=yes
mute=yes
ab-loop-a=1.134467
ab-loop-b=51.912000
