start=12.078733
speed=0.700000
mute=yes
ab-loop-a=1.001000
ab-loop-b=40.714234
