start=27.627600
mute=yes
ab-loop-a=1.134467
ab-loop-b=48.448400
