start=38.638600
mute=yes
sid=no
ab-loop-a=1.267933
ab-loop-b=53.173696
