start=114.247467
speed=0.909090
