start=39.973267
speed=0.700000
mute=yes
ab-loop-a=1.001000
ab-loop-b=62.926709
