start=12.078733
mute=yes
ab-loop-a=1.468133
ab-loop-b=34.411973
