start=41.496000
speed=0.564474
pause=yes
ab-loop-a=38.093000
ab-loop-b=54.376000
