start=7.207200
mute=yes
ab-loop-a=1.167833
ab-loop-b=32.728904
