start=108.828000
pause=yes
ab-loop-a=0.300289
ab-loop-b=108.828000
