start=17.817800
speed=0.500000
pause=yes
mute=yes
ab-loop-a=1.067733
ab-loop-b=38.382585
