start=10.735811
speed=0.751315
