start=10.844167
mute=yes
ab-loop-a=1.167833
ab-loop-b=53.707755
