start=21.321300
pause=yes
mute=yes
ab-loop-a=1.267933
ab-loop-b=65.131973
