start=20.431889
speed=0.513158
