start=29.496133
speed=0.700000
mute=yes
ab-loop-a=1.068000
ab-loop-b=39.439000
