start=11.277933
mute=yes
ab-loop-a=1.001000
ab-loop-b=33.764000
