start=1.267933
pause=yes
ab-loop-a=1.267933
