start=16.583233
mute=yes
ab-loop-a=1.067733
ab-loop-b=46.114830
